GPUTime:   0.02230   0.01322   0.01280   0.01283   0.01107   0.00778   0.00627   0.01603   0.02758   0.05232   0.10208   0.19949   0.25488   0.50496   0.99763   1.99168   3.98448   7.98621   15.96291
CPUTime:   0.00100   0.00100   0.00200   0.00600   0.01400   0.02700   0.05700   0.11700   0.23500   0.47000   0.86000   1.09200   2.50600   5.20700   9.65500   13.35700   22.27400   40.79700   82.94100
