GPUTime:   0.02342   0.01280   0.01370   0.01446   0.01635   0.01699   0.02394   0.05763   0.11024   0.17805   0.34598   0.68026   1.34909   2.68413   5.37821   10.75219   21.52934   43.06634   86.03213
CPUTime:   0.00400   0.00800   0.01700   0.03500   0.07200   0.14500   0.27200   0.54800   1.09900   2.15700   4.01400   7.45600   12.40300   20.02500   32.47800   63.94300   126.34900   252.90500   503.96399
