GPUTime:   0.01875   0.00957   0.00979   0.00970   0.00778   0.00595   0.00864   0.01984   0.03594   0.06666   0.12947   0.20416   0.40122   0.79302   1.58390   3.16035   6.31597   12.63942   25.23744
CPUTime:   0.00100   0.00200   0.00400   0.00700   0.01700   0.03200   0.06900   0.13300   0.26800   0.51900   1.03600   2.08800   3.65800   6.39400   11.31100   18.64300   36.52000   72.70700   145.04500
