GPUTime:   0.02310   0.01322   0.01267   0.01338   0.02237   0.01261   0.01392   0.03194   0.05990   0.11475   0.18483   0.36269   0.71344   1.42154   2.82992   5.67789   11.34925   22.74794   45.35498
CPUTime:   0.00300   0.00500   0.00900   0.02000   0.04300   0.08100   0.16400   0.33900   0.67600   1.30200   2.49400   4.77900   8.13300   13.44100   21.41600   35.03500   69.27100   138.03400   276.48300
